icosahedron.ply
12
5.9604645E-8,-0.28683043,0.35085297
0.46410167,5.9604645E-8,0.17358184
0.46410167,5.9604645E-8,-0.4000791
-0.46410155,5.9604645E-8,-0.4000791
-0.46410155,5.9604645E-8,0.17358184
-0.28683043,0.46410167,-0.11324862
0.2868305,0.46410167,-0.11324862
0.2868305,-0.46410155,-0.11324862
-0.28683043,-0.46410155,-0.11324862
5.9604645E-8,-0.28683043,-0.57735026
5.9604645E-8,0.2868305,-0.57735026
5.9604645E-8,0.2868305,0.35085297
20
6,2,1
2,7,1
5,4,3
8,3,4
11,5,6
10,6,5
2,10,9
3,9,10
9,8,7
0,7,8
1,0,11
4,11,0
10,2,6
11,6,1
10,5,3
11,4,5
9,7,2
0,1,7
8,9,3
0,8,4
octahedron.ply
6
-0.071796715,-0.5358983,-0.38119778
-0.5358983,-1.0,-0.38119778
-1.0,-0.5358983,-0.38119778
-0.5358983,-0.071796715,-0.38119778
-0.5358983,-0.5358983,0.08290377
-0.5358983,-0.5358983,-0.8452995
8
4,0,1
4,1,2
4,2,3
4,3,0
5,1,0
5,2,1
5,3,2
5,0,3
tetrahedron.ply
4
0.071796805,0.071796805,-0.04145187
1.0,1.0,-0.04145187
1.0,0.071796805,0.8867513
0.071796805,1.0,0.8867513
4
1,2,3
1,0,2
3,2,0
0,1,3
